0.000001 10.000000
0.000003 20.000000
0.000005 30.000000
0.000008 40.000000
0.000012 50.000000
0.000015 60.000000
0.000019 70.000000
0.000025 80.000000
0.000032 90.000000
0.000036 100.000000
0.000043 110.000000
0.000053 120.000000
0.000057 130.000000
0.000067 140.000000
0.000078 150.000000
0.000090 160.000000
0.000098 170.000000
0.000111 180.000000
0.000119 190.000000
0.000129 200.000000
0.000142 210.000000
0.000154 220.000000
0.000169 230.000000
0.000179 240.000000
0.000195 250.000000
0.000208 260.000000
0.000227 270.000000
0.000253 280.000000
0.000294 290.000000
0.000287 300.000000
0.000304 310.000000
0.000311 320.000000
0.000334 330.000000
0.000363 340.000000
0.000378 350.000000
0.000437 360.000000
0.000439 370.000000
0.000522 380.000000
0.000530 390.000000
0.000492 400.000000
0.000576 410.000000
0.000563 420.000000
0.000572 430.000000
0.000588 440.000000
0.000617 450.000000
0.000628 460.000000
0.000669 470.000000
0.000707 480.000000
0.000732 490.000000
0.000753 500.000000
0.000785 510.000000
0.000812 520.000000
0.000836 530.000000
0.000884 540.000000
0.000901 550.000000
0.000934 560.000000
0.000976 570.000000
0.001092 580.000000
0.001094 590.000000
0.001090 600.000000
0.001118 610.000000
0.001348 620.000000
0.001164 630.000000
0.001207 640.000000
0.001246 650.000000
0.001288 660.000000
0.001328 670.000000
0.001347 680.000000
0.001398 690.000000
0.001438 700.000000
0.001623 710.000000
0.001519 720.000000
0.001531 730.000000
0.001585 740.000000
0.001600 750.000000
0.001768 760.000000
0.001688 770.000000
0.001736 780.000000
0.001793 790.000000
0.001898 800.000000
0.002034 810.000000
0.001922 820.000000
0.001949 830.000000
0.001996 840.000000
0.002041 850.000000
0.002094 860.000000
0.002151 870.000000
0.002245 880.000000
0.002414 890.000000
0.002329 900.000000
0.002383 910.000000
0.002438 920.000000
0.002740 930.000000
0.002928 940.000000
0.002756 950.000000
0.002664 960.000000
0.002673 970.000000
0.002737 980.000000
0.002807 990.000000
0.002849 1000.000000
0.002879 1010.000000
0.002941 1020.000000
0.002966 1030.000000
0.003468 1040.000000
0.003390 1050.000000
0.003229 1060.000000
0.003225 1070.000000
0.003266 1080.000000
0.003445 1090.000000
0.003423 1100.000000
0.003431 1110.000000
0.003538 1120.000000
0.003601 1130.000000
0.003729 1140.000000
0.003715 1150.000000
0.003816 1160.000000
0.003822 1170.000000
0.003912 1180.000000
0.003977 1190.000000
0.004117 1200.000000
0.004282 1210.000000
0.004365 1220.000000
0.004288 1230.000000
0.004389 1240.000000
0.004438 1250.000000
0.004513 1260.000000
0.004555 1270.000000
0.005405 1280.000000
0.004807 1290.000000
0.004866 1300.000000
0.004873 1310.000000
0.004921 1320.000000
0.005010 1330.000000
0.005779 1340.000000
0.005098 1350.000000
0.005146 1360.000000
0.005400 1370.000000
0.005563 1380.000000
0.005603 1390.000000
0.006337 1400.000000
0.005515 1410.000000
0.005614 1420.000000
0.005930 1430.000000
0.005847 1440.000000
0.006249 1450.000000
0.005980 1460.000000
0.006036 1470.000000
0.006107 1480.000000
0.006134 1490.000000
0.006687 1500.000000
0.006414 1510.000000
0.006807 1520.000000
0.006524 1530.000000
0.006693 1540.000000
0.007076 1550.000000
0.006907 1560.000000
0.006930 1570.000000
0.007127 1580.000000
0.008119 1590.000000
0.007276 1600.000000
0.007338 1610.000000
0.007434 1620.000000
0.008421 1630.000000
0.007741 1640.000000
0.007911 1650.000000
0.008002 1660.000000
0.008495 1670.000000
0.007938 1680.000000
0.008482 1690.000000
0.008774 1700.000000
0.008211 1710.000000
0.008267 1720.000000
0.008517 1730.000000
0.009588 1740.000000
0.008690 1750.000000
0.008687 1760.000000
0.009599 1770.000000
0.008961 1780.000000
0.009020 1790.000000
0.009669 1800.000000
0.009576 1810.000000
0.009313 1820.000000
0.009556 1830.000000
0.009719 1840.000000
0.009593 1850.000000
0.009618 1860.000000
0.009875 1870.000000
0.009880 1880.000000
0.010009 1890.000000
0.010183 1900.000000
0.010164 1910.000000
0.010481 1920.000000
0.010545 1930.000000
0.010584 1940.000000
0.010695 1950.000000
0.011820 1960.000000
0.010843 1970.000000
0.011490 1980.000000
0.011555 1990.000000
0.011175 2000.000000
0.011904 2010.000000
0.011478 2020.000000
0.011556 2030.000000
0.011841 2040.000000
0.011709 2050.000000
0.011913 2060.000000
0.011989 2070.000000
0.012205 2080.000000
0.013014 2090.000000
0.012424 2100.000000
0.013040 2110.000000
0.012951 2120.000000
0.012780 2130.000000
0.012898 2140.000000
0.012953 2150.000000
0.013364 2160.000000
0.013156 2170.000000
0.013326 2180.000000
0.013468 2190.000000
0.013513 2200.000000
0.013637 2210.000000
0.013811 2220.000000
0.014078 2230.000000
0.013959 2240.000000
0.014242 2250.000000
0.014246 2260.000000
0.014970 2270.000000
0.014464 2280.000000
0.014902 2290.000000
0.014590 2300.000000
0.015018 2310.000000
0.014966 2320.000000
0.015144 2330.000000
0.015333 2340.000000
0.015362 2350.000000
0.015499 2360.000000
0.016096 2370.000000
0.015876 2380.000000
0.016332 2390.000000
0.016027 2400.000000
0.016601 2410.000000
0.016587 2420.000000
0.016828 2430.000000
0.016536 2440.000000
0.017008 2450.000000
0.016840 2460.000000
0.017287 2470.000000
0.018191 2480.000000
0.017321 2490.000000
0.018528 2500.000000
0.018385 2510.000000
0.017903 2520.000000
0.018762 2530.000000
0.018068 2540.000000
0.019157 2550.000000
0.019166 2560.000000
0.018502 2570.000000
0.019499 2580.000000
0.019138 2590.000000
0.019080 2600.000000
0.019360 2610.000000
0.019181 2620.000000
0.020487 2630.000000
0.020399 2640.000000
0.019647 2650.000000
0.020900 2660.000000
0.020887 2670.000000
0.020009 2680.000000
0.021359 2690.000000
0.020508 2700.000000
0.021838 2710.000000
0.020800 2720.000000
0.021961 2730.000000
0.021520 2740.000000
0.021031 2750.000000
0.021426 2760.000000
0.021755 2770.000000
0.021628 2780.000000
0.022037 2790.000000
0.021967 2800.000000
0.022301 2810.000000
0.021950 2820.000000
0.023536 2830.000000
0.022583 2840.000000
0.022845 2850.000000
0.022926 2860.000000
0.023241 2870.000000
0.023481 2880.000000
0.024093 2890.000000
0.023898 2900.000000
0.023633 2910.000000
0.024812 2920.000000
0.024109 2930.000000
0.024737 2940.000000
0.025271 2950.000000
0.024476 2960.000000
0.024985 2970.000000
0.025171 2980.000000
0.025260 2990.000000
0.026042 3000.000000
0.025412 3010.000000
0.026032 3020.000000
0.025955 3030.000000
0.026261 3040.000000
0.026513 3050.000000
0.026881 3060.000000
0.027340 3070.000000
0.027034 3080.000000
0.027534 3090.000000
0.026728 3100.000000
0.026682 3110.000000
0.028130 3120.000000
0.027654 3130.000000
0.028767 3140.000000
0.028083 3150.000000
0.028877 3160.000000
0.028996 3170.000000
0.029093 3180.000000
0.029318 3190.000000
0.028939 3200.000000
0.029048 3210.000000
0.029459 3220.000000
0.029570 3230.000000
0.029664 3240.000000
0.030043 3250.000000
0.029844 3260.000000
0.032153 3270.000000
0.030474 3280.000000
0.030570 3290.000000
0.030726 3300.000000
0.030960 3310.000000
0.031342 3320.000000
0.031700 3330.000000
0.031361 3340.000000
0.031920 3350.000000
0.031789 3360.000000
0.031876 3370.000000
0.032088 3380.000000
0.032530 3390.000000
0.032692 3400.000000
0.032686 3410.000000
0.032565 3420.000000
0.032629 3430.000000
0.033142 3440.000000
0.034894 3450.000000
0.033778 3460.000000
0.034770 3470.000000
0.034520 3480.000000
0.034266 3490.000000
0.034631 3500.000000
0.034478 3510.000000
0.034725 3520.000000
0.035660 3530.000000
0.037363 3540.000000
0.045739 3550.000000
0.037500 3560.000000
0.041687 3570.000000
0.046254 3580.000000
0.052491 3590.000000
0.053199 3600.000000
0.052031 3610.000000
0.049976 3620.000000
0.050867 3630.000000
0.046589 3640.000000
0.038415 3650.000000
0.040029 3660.000000
0.039949 3670.000000
0.039259 3680.000000
0.038801 3690.000000
0.040594 3700.000000
0.039609 3710.000000
0.043083 3720.000000
0.042446 3730.000000
0.042628 3740.000000
0.041266 3750.000000
0.042902 3760.000000
0.041870 3770.000000
0.044833 3780.000000
0.044755 3790.000000
0.043414 3800.000000
0.044573 3810.000000
0.041953 3820.000000
0.041877 3830.000000
0.042670 3840.000000
0.042080 3850.000000
0.043200 3860.000000
0.042524 3870.000000
0.042561 3880.000000
0.045487 3890.000000
0.053431 3900.000000
0.064238 3910.000000
0.065804 3920.000000
0.064276 3930.000000
0.065238 3940.000000
0.064062 3950.000000
0.067963 3960.000000
0.066951 3970.000000
0.065869 3980.000000
0.066081 3990.000000
0.066460 4000.000000
0.066339 4010.000000
0.066774 4020.000000
0.066830 4030.000000
0.067188 4040.000000
0.067716 4050.000000
0.068359 4060.000000
0.049517 4070.000000
0.050452 4080.000000
0.049526 4090.000000
0.052020 4100.000000
0.052597 4110.000000
0.052028 4120.000000
0.051979 4130.000000
0.050553 4140.000000
0.050720 4150.000000
0.050933 4160.000000
0.052458 4170.000000
0.052573 4180.000000
0.050990 4190.000000
0.054163 4200.000000
0.052947 4210.000000
0.052890 4220.000000
0.054579 4230.000000
0.052567 4240.000000
0.052858 4250.000000
0.055070 4260.000000
0.054324 4270.000000
0.056999 4280.000000
0.055865 4290.000000
0.055390 4300.000000
0.053803 4310.000000
0.054998 4320.000000
0.054923 4330.000000
0.054551 4340.000000
0.055643 4350.000000
0.059474 4360.000000
0.058828 4370.000000
0.060855 4380.000000
0.060169 4390.000000
0.058837 4400.000000
0.054018 4410.000000
0.054266 4420.000000
0.054406 4430.000000
0.054562 4440.000000
0.054727 4450.000000
0.054685 4460.000000
0.055788 4470.000000
0.055813 4480.000000
0.056675 4490.000000
0.056833 4500.000000
0.056588 4510.000000
0.057196 4520.000000
0.057879 4530.000000
0.058322 4540.000000
0.063149 4550.000000
0.060862 4560.000000
0.058444 4570.000000
0.058506 4580.000000
0.058500 4590.000000
0.057982 4600.000000
0.058217 4610.000000
0.058748 4620.000000
0.059668 4630.000000
0.060071 4640.000000
0.061197 4650.000000
0.060861 4660.000000
0.061318 4670.000000
0.061662 4680.000000
0.061691 4690.000000
0.061329 4700.000000
0.061688 4710.000000
0.062116 4720.000000
0.063713 4730.000000
0.061424 4740.000000
0.061645 4750.000000
0.061885 4760.000000
0.062191 4770.000000
0.062341 4780.000000
0.063343 4790.000000
0.063813 4800.000000
0.064633 4810.000000
0.064266 4820.000000
0.065592 4830.000000
0.072039 4840.000000
0.065535 4850.000000
0.066558 4860.000000
0.066293 4870.000000
0.066690 4880.000000
0.065914 4890.000000
0.065793 4900.000000
0.066029 4910.000000
0.067459 4920.000000
0.067747 4930.000000
0.067468 4940.000000
0.068577 4950.000000
0.068127 4960.000000
0.068921 4970.000000
0.068654 4980.000000
0.070171 4990.000000
0.070368 5000.000000
0.069407 5010.000000
0.070528 5020.000000
0.070876 5030.000000
0.070472 5040.000000
0.071140 5050.000000
0.078648 5060.000000
0.071566 5070.000000
0.071505 5080.000000
0.071490 5090.000000
0.072638 5100.000000
0.073415 5110.000000
0.073255 5120.000000
0.073692 5130.000000
0.073593 5140.000000
0.073965 5150.000000
0.074413 5160.000000
0.074765 5170.000000
0.073620 5180.000000
0.075270 5190.000000
0.075495 5200.000000
0.074709 5210.000000
0.074493 5220.000000
0.076384 5230.000000
0.076849 5240.000000
0.077142 5250.000000
0.078941 5260.000000
0.076055 5270.000000
0.077590 5280.000000
0.077701 5290.000000
0.080257 5300.000000
0.079575 5310.000000
0.079536 5320.000000
0.078346 5330.000000
0.079006 5340.000000
0.080404 5350.000000
0.079679 5360.000000
0.080776 5370.000000
0.080018 5380.000000
0.080364 5390.000000
0.080377 5400.000000
0.082422 5410.000000
0.080426 5420.000000
0.083437 5430.000000
0.083159 5440.000000
0.083092 5450.000000
0.083734 5460.000000
0.083468 5470.000000
0.085211 5480.000000
0.084829 5490.000000
0.084611 5500.000000
0.085190 5510.000000
0.086322 5520.000000
0.084942 5530.000000
0.085997 5540.000000
0.084744 5550.000000
0.085241 5560.000000
0.086586 5570.000000
0.087301 5580.000000
0.086846 5590.000000
0.085626 5600.000000
0.087866 5610.000000
0.088489 5620.000000
0.088418 5630.000000
0.089581 5640.000000
0.089068 5650.000000
0.089717 5660.000000
0.089270 5670.000000
0.089356 5680.000000
0.090571 5690.000000
0.090514 5700.000000
0.090067 5710.000000
0.095424 5720.000000
0.100481 5730.000000
0.094155 5740.000000
0.091652 5750.000000
0.092554 5760.000000
0.093668 5770.000000
0.093187 5780.000000
0.094068 5790.000000
0.094586 5800.000000
0.093186 5810.000000
0.103831 5820.000000
0.113890 5830.000000
0.095257 5840.000000
0.095136 5850.000000
0.096675 5860.000000
0.095922 5870.000000
0.096344 5880.000000
0.097362 5890.000000
0.097249 5900.000000
0.098363 5910.000000
0.098940 5920.000000
0.098088 5930.000000
0.099361 5940.000000
0.098414 5950.000000
0.099818 5960.000000
0.100215 5970.000000
0.099577 5980.000000
0.100881 5990.000000
0.099760 6000.000000
0.100791 6010.000000
0.112662 6020.000000
0.126987 6030.000000
0.102650 6040.000000
0.102416 6050.000000
0.101659 6060.000000
0.103611 6070.000000
0.103818 6080.000000
0.103443 6090.000000
0.104325 6100.000000
0.104750 6110.000000
0.103302 6120.000000
0.105473 6130.000000
0.107317 6140.000000
0.125126 6150.000000
0.111917 6160.000000
0.110372 6170.000000
0.113077 6180.000000
0.111036 6190.000000
0.110261 6200.000000
0.109316 6210.000000
0.112342 6220.000000
0.110230 6230.000000
0.113484 6240.000000
0.115710 6250.000000
0.112447 6260.000000
0.114088 6270.000000
0.111245 6280.000000
0.111594 6290.000000
0.114282 6300.000000
0.125541 6310.000000
0.126987 6320.000000
0.115667 6330.000000
0.113524 6340.000000
0.115760 6350.000000
0.114203 6360.000000
0.118257 6370.000000
0.121497 6380.000000
0.120336 6390.000000
0.118497 6400.000000
0.120130 6410.000000
0.118095 6420.000000
0.120372 6430.000000
0.119978 6440.000000
0.119522 6450.000000
0.126275 6460.000000
0.177828 6470.000000
0.172216 6480.000000
0.122402 6490.000000
0.120548 6500.000000
0.123898 6510.000000
0.123284 6520.000000
0.123040 6530.000000
0.122251 6540.000000
0.125012 6550.000000
0.146118 6560.000000
0.126812 6570.000000
0.123912 6580.000000
0.127880 6590.000000
0.127993 6600.000000
0.132372 6610.000000
0.146619 6620.000000
0.135350 6630.000000
0.146001 6640.000000
0.132179 6650.000000
0.161324 6660.000000
0.131908 6670.000000
0.141134 6680.000000
0.135024 6690.000000
0.135818 6700.000000
0.137849 6710.000000
0.135351 6720.000000
0.136452 6730.000000
0.139057 6740.000000
0.136796 6750.000000
0.140359 6760.000000
0.139851 6770.000000
0.137881 6780.000000
0.157709 6790.000000
0.169880 6800.000000
0.146950 6810.000000
0.167324 6820.000000
0.139632 6830.000000
0.143077 6840.000000
0.148811 6850.000000
0.153691 6860.000000
0.173207 6870.000000
0.150940 6880.000000
0.155690 6890.000000
0.149431 6900.000000
0.150988 6910.000000
0.164959 6920.000000
0.154419 6930.000000
0.156912 6940.000000
0.156706 6950.000000
0.199608 6960.000000
0.171431 6970.000000
0.158581 6980.000000
0.151183 6990.000000
0.151813 7000.000000
0.155952 7010.000000
0.151843 7020.000000
0.155869 7030.000000
0.159955 7040.000000
0.155858 7050.000000
0.154082 7060.000000
0.158177 7070.000000
0.173063 7080.000000
0.195418 7090.000000
0.210381 7100.000000
0.159140 7110.000000
0.158910 7120.000000
0.154689 7130.000000
0.158001 7140.000000
0.155206 7150.000000
0.161439 7160.000000
0.221688 7170.000000
0.230408 7180.000000
0.225597 7190.000000
0.228391 7200.000000
0.228348 7210.000000
0.217112 7220.000000
0.164223 7230.000000
0.162124 7240.000000
0.197978 7250.000000
0.228477 7260.000000
0.229652 7270.000000
0.228614 7280.000000
0.176421 7290.000000
0.214847 7300.000000
0.173918 7310.000000
0.186552 7320.000000
0.179229 7330.000000
0.167045 7340.000000
0.199224 7350.000000
0.197573 7360.000000
0.193755 7370.000000
0.178654 7380.000000
0.186235 7390.000000
0.200856 7400.000000
0.200710 7410.000000
0.166952 7420.000000
0.155686 7430.000000
0.155259 7440.000000
0.153640 7450.000000
0.156175 7460.000000
0.156389 7470.000000
0.157900 7480.000000
0.159227 7490.000000
0.157594 7500.000000
0.161156 7510.000000
0.160774 7520.000000
0.165669 7530.000000
0.160254 7540.000000
0.161102 7550.000000
0.172209 7560.000000
0.161063 7570.000000
0.160096 7580.000000
0.163076 7590.000000
0.161914 7600.000000
0.164461 7610.000000
0.165538 7620.000000
0.164499 7630.000000
0.176163 7640.000000
0.163839 7650.000000
0.164893 7660.000000
0.173082 7670.000000
0.176859 7680.000000
0.165176 7690.000000
0.168867 7700.000000
0.168038 7710.000000
0.169294 7720.000000
0.170312 7730.000000
0.166304 7740.000000
0.167056 7750.000000
0.171922 7760.000000
0.170222 7770.000000
0.171224 7780.000000
0.180122 7790.000000
0.169687 7800.000000
0.170442 7810.000000
0.170946 7820.000000
0.172347 7830.000000
0.171803 7840.000000
0.171049 7850.000000
0.179305 7860.000000
0.174875 7870.000000
0.176181 7880.000000
0.175532 7890.000000
0.173791 7900.000000
0.176348 7910.000000
0.174922 7920.000000
0.175660 7930.000000
0.178694 7940.000000
0.174926 7950.000000
0.177342 7960.000000
0.176733 7970.000000
0.178847 7980.000000
0.180007 7990.000000
0.179086 8000.000000
0.179275 8010.000000
0.191288 8020.000000
0.183946 8030.000000
0.180978 8040.000000
0.182157 8050.000000
0.182623 8060.000000
0.184175 8070.000000
0.189978 8080.000000
0.195904 8090.000000
0.194902 8100.000000
0.194481 8110.000000
0.195849 8120.000000
0.201879 8130.000000
0.196940 8140.000000
0.213196 8150.000000
0.200075 8160.000000
0.197911 8170.000000
0.203949 8180.000000
0.201994 8190.000000
0.199423 8200.000000
0.201781 8210.000000
0.201246 8220.000000
0.211902 8230.000000
0.210254 8240.000000
0.208747 8250.000000
0.205639 8260.000000
0.205306 8270.000000
0.206408 8280.000000
0.204376 8290.000000
0.202460 8300.000000
0.202970 8310.000000
0.209516 8320.000000
0.209899 8330.000000
0.206732 8340.000000
0.207582 8350.000000
0.207299 8360.000000
0.207028 8370.000000
0.208114 8380.000000
0.207716 8390.000000
0.216279 8400.000000
0.212889 8410.000000
0.207439 8420.000000
0.208962 8430.000000
0.217072 8440.000000
0.215540 8450.000000
0.226317 8460.000000
0.217538 8470.000000
0.220117 8480.000000
0.212878 8490.000000
0.212270 8500.000000
0.213082 8510.000000
0.218576 8520.000000
0.221112 8530.000000
0.222364 8540.000000
0.222524 8550.000000
0.255183 8560.000000
0.215786 8570.000000
0.223931 8580.000000
0.221773 8590.000000
0.228020 8600.000000
0.224438 8610.000000
0.222887 8620.000000
0.221995 8630.000000
0.221765 8640.000000
0.222404 8650.000000
0.243952 8660.000000
0.234885 8670.000000
0.228281 8680.000000
0.226491 8690.000000
0.247964 8700.000000
0.239113 8710.000000
0.227351 8720.000000
0.224931 8730.000000
0.242000 8740.000000
0.251202 8750.000000
0.233403 8760.000000
0.230538 8770.000000
0.247508 8780.000000
0.235046 8790.000000
0.230730 8800.000000
0.232185 8810.000000
0.233055 8820.000000
0.256743 8830.000000
0.244783 8840.000000
0.229091 8850.000000
0.241484 8860.000000
0.235598 8870.000000
0.234061 8880.000000
0.240630 8890.000000
0.234167 8900.000000
0.279330 8910.000000
0.233566 8920.000000
0.229483 8930.000000
0.237426 8940.000000
0.238250 8950.000000
0.238346 8960.000000
0.236608 8970.000000
0.239038 8980.000000
0.240521 8990.000000
0.239878 9000.000000
0.237605 9010.000000
0.231447 9020.000000
0.230485 9030.000000
0.231698 9040.000000
0.231466 9050.000000
0.234598 9060.000000
0.232226 9070.000000
0.233318 9080.000000
0.234592 9090.000000
0.235465 9100.000000
0.235788 9110.000000
0.235850 9120.000000
0.236918 9130.000000
0.237736 9140.000000
0.237537 9150.000000
0.239466 9160.000000
0.239577 9170.000000
0.239016 9180.000000
0.237973 9190.000000
0.239954 9200.000000
0.241475 9210.000000
0.241352 9220.000000
0.242684 9230.000000
0.241040 9240.000000
0.243218 9250.000000
0.244816 9260.000000
0.243004 9270.000000
0.244559 9280.000000
0.244966 9290.000000
0.244537 9300.000000
0.246255 9310.000000
0.251559 9320.000000
0.252878 9330.000000
0.262485 9340.000000
0.248410 9350.000000
0.250971 9360.000000
0.254258 9370.000000
0.274638 9380.000000
0.264246 9390.000000
0.261851 9400.000000
0.252701 9410.000000
0.255790 9420.000000
0.258384 9430.000000
0.273942 9440.000000
0.255022 9450.000000
0.258765 9460.000000
0.262597 9470.000000
0.268592 9480.000000
0.257074 9490.000000
0.260708 9500.000000
0.266941 9510.000000
0.260189 9520.000000
0.261085 9530.000000
0.259245 9540.000000
0.260754 9550.000000
0.262065 9560.000000
0.262152 9570.000000
0.261842 9580.000000
0.261653 9590.000000
0.274397 9600.000000
0.281060 9610.000000
0.272298 9620.000000
0.266337 9630.000000
0.265578 9640.000000
0.263660 9650.000000
0.267416 9660.000000
0.272344 9670.000000
0.267677 9680.000000
0.267745 9690.000000
0.273922 9700.000000
0.269990 9710.000000
0.270269 9720.000000
0.271658 9730.000000
0.279625 9740.000000
0.289291 9750.000000
0.275038 9760.000000
0.273559 9770.000000
0.271836 9780.000000
0.274555 9790.000000
0.276255 9800.000000
0.278674 9810.000000
0.274989 9820.000000
0.276822 9830.000000
0.277562 9840.000000
0.294874 9850.000000
0.287923 9860.000000
0.279389 9870.000000
0.286453 9880.000000
0.279104 9890.000000
0.278778 9900.000000
0.288237 9910.000000
0.292573 9920.000000
0.286592 9930.000000
0.286157 9940.000000
0.288012 9950.000000
0.283471 9960.000000
0.288791 9970.000000
0.297066 9980.000000
0.287684 9990.000000
0.286740 10000.000000
