0.000002 10.000000
0.000002 20.000000
0.000004 30.000000
0.000006 40.000000
0.000008 50.000000
0.000010 60.000000
0.000015 70.000000
0.000018 80.000000
0.000022 90.000000
0.000025 100.000000
0.000027 110.000000
0.000036 120.000000
0.000050 130.000000
0.000060 140.000000
0.000062 150.000000
0.000081 160.000000
0.000070 170.000000
0.000078 180.000000
0.000078 190.000000
0.000084 200.000000
0.000094 210.000000
0.000134 220.000000
0.000108 230.000000
0.000125 240.000000
0.000133 250.000000
0.000137 260.000000
0.000201 270.000000
0.000213 280.000000
0.000208 290.000000
0.000216 300.000000
0.000261 310.000000
0.000276 320.000000
0.000294 330.000000
0.000299 340.000000
0.000249 350.000000
0.000272 360.000000
0.000302 370.000000
0.000292 380.000000
0.000350 390.000000
0.000332 400.000000
0.000328 410.000000
0.000360 420.000000
0.000361 430.000000
0.000376 440.000000
0.000387 450.000000
0.000410 460.000000
0.000416 470.000000
0.000449 480.000000
0.000463 490.000000
0.000484 500.000000
0.000492 510.000000
0.000508 520.000000
0.000527 530.000000
0.000557 540.000000
0.000560 550.000000
0.000585 560.000000
0.000608 570.000000
0.000617 580.000000
0.000645 590.000000
0.000655 600.000000
0.000712 610.000000
0.000733 620.000000
0.000741 630.000000
0.000762 640.000000
0.000789 650.000000
0.000836 660.000000
0.000835 670.000000
0.000848 680.000000
0.000880 690.000000
0.000903 700.000000
0.000900 710.000000
0.000941 720.000000
0.000978 730.000000
0.001008 740.000000
0.001017 750.000000
0.001059 760.000000
0.001078 770.000000
0.001096 780.000000
0.001209 790.000000
0.001177 800.000000
0.001194 810.000000
0.001259 820.000000
0.001252 830.000000
0.001260 840.000000
0.001287 850.000000
0.001328 860.000000
0.001384 870.000000
0.001386 880.000000
0.001432 890.000000
0.001470 900.000000
0.001576 910.000000
0.001564 920.000000
0.001589 930.000000
0.001602 940.000000
0.001662 950.000000
0.001638 960.000000
0.001657 970.000000
0.001689 980.000000
0.001773 990.000000
0.001843 1000.000000
0.002082 1010.000000
0.001910 1020.000000
0.001900 1030.000000
0.001935 1040.000000
0.001998 1050.000000
0.001960 1060.000000
0.002036 1070.000000
0.002071 1080.000000
0.002226 1090.000000
0.002200 1100.000000
0.002171 1110.000000
0.002218 1120.000000
0.002271 1130.000000
0.002298 1140.000000
0.002309 1150.000000
0.002405 1160.000000
0.002409 1170.000000
0.002455 1180.000000
0.002595 1190.000000
0.002471 1200.000000
0.002636 1210.000000
0.002638 1220.000000
0.002745 1230.000000
0.002742 1240.000000
0.002772 1250.000000
0.002738 1260.000000
0.002804 1270.000000
0.002925 1280.000000
0.002897 1290.000000
0.002965 1300.000000
0.002988 1310.000000
0.003078 1320.000000
0.003084 1330.000000
0.003287 1340.000000
0.003237 1350.000000
0.003216 1360.000000
0.003230 1370.000000
0.003319 1380.000000
0.003410 1390.000000
0.003565 1400.000000
0.004153 1410.000000
0.003539 1420.000000
0.003564 1430.000000
0.003770 1440.000000
0.003634 1450.000000
0.003706 1460.000000
0.003762 1470.000000
0.004011 1480.000000
0.004910 1490.000000
0.003999 1500.000000
0.004019 1510.000000
0.004261 1520.000000
0.004162 1530.000000
0.004122 1540.000000
0.004171 1550.000000
0.004280 1560.000000
0.004287 1570.000000
0.004346 1580.000000
0.004540 1590.000000
0.004536 1600.000000
0.004519 1610.000000
0.004465 1620.000000
0.004898 1630.000000
0.004628 1640.000000
0.004604 1650.000000
0.004984 1660.000000
0.004957 1670.000000
0.004822 1680.000000
0.005207 1690.000000
0.005255 1700.000000
0.005082 1710.000000
0.005001 1720.000000
0.005194 1730.000000
0.005177 1740.000000
0.005356 1750.000000
0.005460 1760.000000
0.005418 1770.000000
0.005545 1780.000000
0.005506 1790.000000
0.006174 1800.000000
0.005608 1810.000000
0.005865 1820.000000
0.005890 1830.000000
0.005910 1840.000000
0.006377 1850.000000
0.006045 1860.000000
0.006063 1870.000000
0.006147 1880.000000
0.006157 1890.000000
0.006834 1900.000000
0.006274 1910.000000
0.006546 1920.000000
0.006422 1930.000000
0.006453 1940.000000
0.007520 1950.000000
0.006626 1960.000000
0.006840 1970.000000
0.006886 1980.000000
0.006874 1990.000000
0.007115 2000.000000
0.006938 2010.000000
0.007043 2020.000000
0.007051 2030.000000
0.007489 2040.000000
0.007303 2050.000000
0.007312 2060.000000
0.007391 2070.000000
0.008327 2080.000000
0.007666 2090.000000
0.007610 2100.000000
0.007685 2110.000000
0.008265 2120.000000
0.008064 2130.000000
0.007872 2140.000000
0.008031 2150.000000
0.008057 2160.000000
0.008227 2170.000000
0.008059 2180.000000
0.009215 2190.000000
0.008278 2200.000000
0.008501 2210.000000
0.008457 2220.000000
0.008662 2230.000000
0.008385 2240.000000
0.008867 2250.000000
0.008861 2260.000000
0.008910 2270.000000
0.008900 2280.000000
0.009010 2290.000000
0.009202 2300.000000
0.009157 2310.000000
0.009356 2320.000000
0.009358 2330.000000
0.009603 2340.000000
0.009418 2350.000000
0.009759 2360.000000
0.009749 2370.000000
0.009771 2380.000000
0.009945 2390.000000
0.010005 2400.000000
0.009897 2410.000000
0.010634 2420.000000
0.010244 2430.000000
0.010471 2440.000000
0.010594 2450.000000
0.010339 2460.000000
0.010624 2470.000000
0.010669 2480.000000
0.010608 2490.000000
0.010795 2500.000000
0.011093 2510.000000
0.010922 2520.000000
0.011086 2530.000000
0.011350 2540.000000
0.011142 2550.000000
0.012119 2560.000000
0.011429 2570.000000
0.011394 2580.000000
0.012427 2590.000000
0.011649 2600.000000
0.011930 2610.000000
0.012002 2620.000000
0.012073 2630.000000
0.012255 2640.000000
0.012133 2650.000000
0.012055 2660.000000
0.012522 2670.000000
0.012155 2680.000000
0.012676 2690.000000
0.012273 2700.000000
0.012864 2710.000000
0.013132 2720.000000
0.013053 2730.000000
0.013219 2740.000000
0.013197 2750.000000
0.013218 2760.000000
0.013274 2770.000000
0.013357 2780.000000
0.013353 2790.000000
0.013465 2800.000000
0.013729 2810.000000
0.013975 2820.000000
0.014096 2830.000000
0.013807 2840.000000
0.014222 2850.000000
0.014195 2860.000000
0.014384 2870.000000
0.014481 2880.000000
0.015165 2890.000000
0.014529 2900.000000
0.016286 2910.000000
0.014764 2920.000000
0.014848 2930.000000
0.014966 2940.000000
0.015128 2950.000000
0.014918 2960.000000
0.015218 2970.000000
0.015488 2980.000000
0.016167 2990.000000
0.015507 3000.000000
0.015598 3010.000000
0.015980 3020.000000
0.015905 3030.000000
0.016208 3040.000000
0.016131 3050.000000
0.016217 3060.000000
0.016926 3070.000000
0.016490 3080.000000
0.016687 3090.000000
0.016497 3100.000000
0.017086 3110.000000
0.016780 3120.000000
0.016888 3130.000000
0.017372 3140.000000
0.017832 3150.000000
0.018930 3160.000000
0.017217 3170.000000
0.017639 3180.000000
0.017665 3190.000000
0.017685 3200.000000
0.018835 3210.000000
0.018260 3220.000000
0.018993 3230.000000
0.018906 3240.000000
0.018173 3250.000000
0.018654 3260.000000
0.018807 3270.000000
0.018942 3280.000000
0.019143 3290.000000
0.019072 3300.000000
0.018865 3310.000000
0.021017 3320.000000
0.019117 3330.000000
0.020050 3340.000000
0.022259 3350.000000
0.023538 3360.000000
0.022525 3370.000000
0.019776 3380.000000
0.019805 3390.000000
0.019873 3400.000000
0.020319 3410.000000
0.020384 3420.000000
0.020271 3430.000000
0.020404 3440.000000
0.020517 3450.000000
0.020589 3460.000000
0.020691 3470.000000
0.021641 3480.000000
0.020697 3490.000000
0.021187 3500.000000
0.021025 3510.000000
0.021351 3520.000000
0.021694 3530.000000
0.021981 3540.000000
0.021779 3550.000000
0.022055 3560.000000
0.024611 3570.000000
0.024785 3580.000000
0.024529 3590.000000
0.024004 3600.000000
0.025570 3610.000000
0.024587 3620.000000
0.027234 3630.000000
0.025505 3640.000000
0.025675 3650.000000
0.026545 3660.000000
0.030045 3670.000000
0.027187 3680.000000
0.029502 3690.000000
0.029885 3700.000000
0.026034 3710.000000
0.027731 3720.000000
0.027946 3730.000000
0.027304 3740.000000
0.026001 3750.000000
0.027089 3760.000000
0.026908 3770.000000
0.025575 3780.000000
0.029647 3790.000000
0.033506 3800.000000
0.032872 3810.000000
0.036434 3820.000000
0.037014 3830.000000
0.034521 3840.000000
0.035796 3850.000000
0.034994 3860.000000
0.029307 3870.000000
0.026624 3880.000000
0.032107 3890.000000
0.037036 3900.000000
0.037029 3910.000000
0.037255 3920.000000
0.037088 3930.000000
0.036388 3940.000000
0.030049 3950.000000
0.029307 3960.000000
0.029389 3970.000000
0.032059 3980.000000
0.034556 3990.000000
0.033878 4000.000000
0.034433 4010.000000
0.031392 4020.000000
0.028718 4030.000000
0.028634 4040.000000
0.028898 4050.000000
0.028788 4060.000000
0.029198 4070.000000
0.029450 4080.000000
0.032195 4090.000000
0.030751 4100.000000
0.029983 4110.000000
0.031011 4120.000000
0.030867 4130.000000
0.029227 4140.000000
0.029630 4150.000000
0.029648 4160.000000
0.030237 4170.000000
0.030077 4180.000000
0.030184 4190.000000
0.030388 4200.000000
0.031158 4210.000000
0.030710 4220.000000
0.031209 4230.000000
0.031085 4240.000000
0.031179 4250.000000
0.031997 4260.000000
0.031830 4270.000000
0.031969 4280.000000
0.032152 4290.000000
0.032373 4300.000000
0.033196 4310.000000
0.034072 4320.000000
0.032784 4330.000000
0.033041 4340.000000
0.032649 4350.000000
0.033407 4360.000000
0.033613 4370.000000
0.033422 4380.000000
0.034305 4390.000000
0.033782 4400.000000
0.033975 4410.000000
0.034278 4420.000000
0.034442 4430.000000
0.034996 4440.000000
0.034661 4450.000000
0.036024 4460.000000
0.035336 4470.000000
0.034750 4480.000000
0.034959 4490.000000
0.035959 4500.000000
0.036189 4510.000000
0.035414 4520.000000
0.036110 4530.000000
0.036031 4540.000000
0.036597 4550.000000
0.036545 4560.000000
0.037070 4570.000000
0.036990 4580.000000
0.037041 4590.000000
0.037210 4600.000000
0.037017 4610.000000
0.037315 4620.000000
0.037646 4630.000000
0.038107 4640.000000
0.038105 4650.000000
0.038469 4660.000000
0.038889 4670.000000
0.038468 4680.000000
0.038639 4690.000000
0.038880 4700.000000
0.038895 4710.000000
0.039375 4720.000000
0.038823 4730.000000
0.039442 4740.000000
0.039780 4750.000000
0.039916 4760.000000
0.040509 4770.000000
0.040567 4780.000000
0.040951 4790.000000
0.040499 4800.000000
0.040816 4810.000000
0.041711 4820.000000
0.041407 4830.000000
0.041705 4840.000000
0.041601 4850.000000
0.042564 4860.000000
0.041957 4870.000000
0.042437 4880.000000
0.043041 4890.000000
0.042211 4900.000000
0.042956 4910.000000
0.043991 4920.000000
0.043408 4930.000000
0.044406 4940.000000
0.042978 4950.000000
0.044452 4960.000000
0.043400 4970.000000
0.044719 4980.000000
0.044248 4990.000000
0.044829 5000.000000
0.044051 5010.000000
0.044645 5020.000000
0.045482 5030.000000
0.045481 5040.000000
0.045894 5050.000000
0.045259 5060.000000
0.045675 5070.000000
0.046659 5080.000000
0.046570 5090.000000
0.046398 5100.000000
0.047423 5110.000000
0.046901 5120.000000
0.047355 5130.000000
0.047504 5140.000000
0.048268 5150.000000
0.047685 5160.000000
0.047620 5170.000000
0.048572 5180.000000
0.048469 5190.000000
0.049015 5200.000000
0.048629 5210.000000
0.049379 5220.000000
0.049122 5230.000000
0.049577 5240.000000
0.050222 5250.000000
0.049850 5260.000000
0.050606 5270.000000
0.050186 5280.000000
0.050094 5290.000000
0.050197 5300.000000
0.050221 5310.000000
0.051628 5320.000000
0.051272 5330.000000
0.051341 5340.000000
0.051633 5350.000000
0.051665 5360.000000
0.052772 5370.000000
0.052616 5380.000000
0.052885 5390.000000
0.052940 5400.000000
0.053184 5410.000000
0.053704 5420.000000
0.053886 5430.000000
0.054090 5440.000000
0.053667 5450.000000
0.054907 5460.000000
0.054781 5470.000000
0.055616 5480.000000
0.055930 5490.000000
0.055472 5500.000000
0.055697 5510.000000
0.056858 5520.000000
0.056435 5530.000000
0.057101 5540.000000
0.056081 5550.000000
0.056461 5560.000000
0.056432 5570.000000
0.057191 5580.000000
0.057789 5590.000000
0.056653 5600.000000
0.057790 5610.000000
0.058726 5620.000000
0.058369 5630.000000
0.058806 5640.000000
0.059817 5650.000000
0.059077 5660.000000
0.058253 5670.000000
0.059494 5680.000000
0.060542 5690.000000
0.060572 5700.000000
0.060976 5710.000000
0.060535 5720.000000
0.060536 5730.000000
0.061448 5740.000000
0.060994 5750.000000
0.061638 5760.000000
0.061151 5770.000000
0.061382 5780.000000
0.061636 5790.000000
0.061899 5800.000000
0.062651 5810.000000
0.062997 5820.000000
0.063272 5830.000000
0.064138 5840.000000
0.063485 5850.000000
0.064046 5860.000000
0.065207 5870.000000
0.064295 5880.000000
0.065465 5890.000000
0.066243 5900.000000
0.065775 5910.000000
0.066619 5920.000000
0.066598 5930.000000
0.067275 5940.000000
0.066856 5950.000000
0.067296 5960.000000
0.067136 5970.000000
0.067763 5980.000000
0.067551 5990.000000
0.067261 6000.000000
0.067399 6010.000000
0.069066 6020.000000
0.069537 6030.000000
0.069152 6040.000000
0.070522 6050.000000
0.069076 6060.000000
0.070594 6070.000000
0.069627 6080.000000
0.070157 6090.000000
0.070162 6100.000000
0.071816 6110.000000
0.070991 6120.000000
0.070788 6130.000000
0.070617 6140.000000
0.073348 6150.000000
0.071986 6160.000000
0.072521 6170.000000
0.072825 6180.000000
0.077652 6190.000000
0.073116 6200.000000
0.073924 6210.000000
0.074243 6220.000000
0.074024 6230.000000
0.074519 6240.000000
0.074672 6250.000000
0.074483 6260.000000
0.076251 6270.000000
0.075063 6280.000000
0.076269 6290.000000
0.076362 6300.000000
0.076933 6310.000000
0.076459 6320.000000
0.076994 6330.000000
0.076824 6340.000000
0.076983 6350.000000
0.077320 6360.000000
0.077994 6370.000000
0.079988 6380.000000
0.079029 6390.000000
0.078190 6400.000000
0.079070 6410.000000
0.080185 6420.000000
0.079677 6430.000000
0.082075 6440.000000
0.081453 6450.000000
0.080610 6460.000000
0.080502 6470.000000
0.079813 6480.000000
0.081942 6490.000000
0.082319 6500.000000
0.081744 6510.000000
0.082790 6520.000000
0.083211 6530.000000
0.083225 6540.000000
0.083652 6550.000000
0.084289 6560.000000
0.083907 6570.000000
0.084669 6580.000000
0.085065 6590.000000
0.085575 6600.000000
0.086099 6610.000000
0.087365 6620.000000
0.086489 6630.000000
0.086940 6640.000000
0.087072 6650.000000
0.087871 6660.000000
0.086655 6670.000000
0.087657 6680.000000
0.087518 6690.000000
0.088075 6700.000000
0.087966 6710.000000
0.089204 6720.000000
0.088917 6730.000000
0.089090 6740.000000
0.090045 6750.000000
0.091609 6760.000000
0.091117 6770.000000
0.090864 6780.000000
0.090101 6790.000000
0.091364 6800.000000
0.091631 6810.000000
0.091339 6820.000000
0.091135 6830.000000
0.092962 6840.000000
0.094231 6850.000000
0.093022 6860.000000
0.093716 6870.000000
0.094024 6880.000000
0.095194 6890.000000
0.095460 6900.000000
0.096070 6910.000000
0.096646 6920.000000
0.096332 6930.000000
0.094667 6940.000000
0.097200 6950.000000
0.097961 6960.000000
0.096983 6970.000000
0.098037 6980.000000
0.097476 6990.000000
0.097215 7000.000000
0.103737 7010.000000
0.099256 7020.000000
0.098335 7030.000000
0.099517 7040.000000
0.100164 7050.000000
0.099460 7060.000000
0.098238 7070.000000
0.100575 7080.000000
0.101343 7090.000000
0.100357 7100.000000
0.102021 7110.000000
0.102737 7120.000000
0.102230 7130.000000
0.103061 7140.000000
0.103043 7150.000000
0.103603 7160.000000
0.103042 7170.000000
0.104640 7180.000000
0.105163 7190.000000
0.104619 7200.000000
0.103805 7210.000000
0.105472 7220.000000
0.104958 7230.000000
0.106880 7240.000000
0.106502 7250.000000
0.106040 7260.000000
0.105301 7270.000000
0.107484 7280.000000
0.107922 7290.000000
0.108972 7300.000000
0.107953 7310.000000
0.108666 7320.000000
0.109466 7330.000000
0.109808 7340.000000
0.111273 7350.000000
0.110150 7360.000000
0.111326 7370.000000
0.110894 7380.000000
0.111395 7390.000000
0.110669 7400.000000
0.111774 7410.000000
0.111748 7420.000000
0.114219 7430.000000
0.114909 7440.000000
0.113966 7450.000000
0.114211 7460.000000
0.113910 7470.000000
0.114470 7480.000000
0.116017 7490.000000
0.116613 7500.000000
0.115039 7510.000000
0.116426 7520.000000
0.117543 7530.000000
0.114945 7540.000000
0.117045 7550.000000
0.118199 7560.000000
0.116341 7570.000000
0.118664 7580.000000
0.118429 7590.000000
0.118232 7600.000000
0.119030 7610.000000
0.120309 7620.000000
0.119086 7630.000000
0.120018 7640.000000
0.121233 7650.000000
0.120508 7660.000000
0.122744 7670.000000
0.122938 7680.000000
0.121786 7690.000000
0.123510 7700.000000
0.124044 7710.000000
0.123762 7720.000000
0.123634 7730.000000
0.124962 7740.000000
0.126126 7750.000000
0.123876 7760.000000
0.125166 7770.000000
0.126307 7780.000000
0.126601 7790.000000
0.125531 7800.000000
0.126384 7810.000000
0.126827 7820.000000
0.127595 7830.000000
0.127911 7840.000000
0.127617 7850.000000
0.128764 7860.000000
0.128642 7870.000000
0.130537 7880.000000
0.130329 7890.000000
0.128580 7900.000000
0.130674 7910.000000
0.130922 7920.000000
0.131141 7930.000000
0.132273 7940.000000
0.129405 7950.000000
0.131990 7960.000000
0.134091 7970.000000
0.134517 7980.000000
0.136003 7990.000000
0.134653 8000.000000
0.134727 8010.000000
0.135474 8020.000000
0.135072 8030.000000
0.133370 8040.000000
0.135691 8050.000000
0.136848 8060.000000
0.137026 8070.000000
0.136980 8080.000000
0.138379 8090.000000
0.142922 8100.000000
0.139114 8110.000000
0.138503 8120.000000
0.139770 8130.000000
0.139180 8140.000000
0.139159 8150.000000
0.139576 8160.000000
0.140538 8170.000000
0.141610 8180.000000
0.143262 8190.000000
0.141802 8200.000000
0.143385 8210.000000
0.142364 8220.000000
0.142866 8230.000000
0.143360 8240.000000
0.143491 8250.000000
0.144128 8260.000000
0.145403 8270.000000
0.146217 8280.000000
0.146044 8290.000000
0.145999 8300.000000
0.145585 8310.000000
0.147611 8320.000000
0.147470 8330.000000
0.146856 8340.000000
0.149134 8350.000000
0.147825 8360.000000
0.148896 8370.000000
0.148729 8380.000000
0.150337 8390.000000
0.151008 8400.000000
0.152398 8410.000000
0.149476 8420.000000
0.151820 8430.000000
0.151783 8440.000000
0.153896 8450.000000
0.152614 8460.000000
0.152630 8470.000000
0.153064 8480.000000
0.154275 8490.000000
0.154799 8500.000000
0.154194 8510.000000
0.154369 8520.000000
0.155807 8530.000000
0.157297 8540.000000
0.158017 8550.000000
0.156570 8560.000000
0.156438 8570.000000
0.158375 8580.000000
0.158510 8590.000000
0.158828 8600.000000
0.160013 8610.000000
0.161254 8620.000000
0.159861 8630.000000
0.160796 8640.000000
0.160703 8650.000000
0.161314 8660.000000
0.163531 8670.000000
0.160438 8680.000000
0.162639 8690.000000
0.161310 8700.000000
0.163753 8710.000000
0.164392 8720.000000
0.162653 8730.000000
0.164098 8740.000000
0.162710 8750.000000
0.164957 8760.000000
0.165839 8770.000000
0.167742 8780.000000
0.169014 8790.000000
0.166871 8800.000000
0.168667 8810.000000
0.169157 8820.000000
0.169494 8830.000000
0.168986 8840.000000
0.170564 8850.000000
0.170023 8860.000000
0.170831 8870.000000
0.172402 8880.000000
0.177049 8890.000000
0.172633 8900.000000
0.171297 8910.000000
0.171363 8920.000000
0.173030 8930.000000
0.174575 8940.000000
0.176115 8950.000000
0.173815 8960.000000
0.179706 8970.000000
0.175010 8980.000000
0.176266 8990.000000
0.177252 9000.000000
0.178978 9010.000000
0.177877 9020.000000
0.178935 9030.000000
0.176982 9040.000000
0.178984 9050.000000
0.179353 9060.000000
0.179050 9070.000000
0.180082 9080.000000
0.178920 9090.000000
0.180799 9100.000000
0.181848 9110.000000
0.181928 9120.000000
0.181960 9130.000000
0.181703 9140.000000
0.182219 9150.000000
0.185599 9160.000000
0.184691 9170.000000
0.185303 9180.000000
0.186859 9190.000000
0.186144 9200.000000
0.185547 9210.000000
0.186214 9220.000000
0.188210 9230.000000
0.187432 9240.000000
0.185265 9250.000000
0.189363 9260.000000
0.190006 9270.000000
0.190404 9280.000000
0.189811 9290.000000
0.189937 9300.000000
0.189027 9310.000000
0.192196 9320.000000
0.191692 9330.000000
0.194033 9340.000000
0.189937 9350.000000
0.195046 9360.000000
0.194384 9370.000000
0.194689 9380.000000
0.195418 9390.000000
0.197410 9400.000000
0.195935 9410.000000
0.200421 9420.000000
0.195046 9430.000000
0.193727 9440.000000
0.196466 9450.000000
0.197878 9460.000000
0.201651 9470.000000
0.204649 9480.000000
0.203141 9490.000000
0.202564 9500.000000
0.199936 9510.000000
0.205451 9520.000000
0.212196 9530.000000
0.214970 9540.000000
0.214530 9550.000000
0.204599 9560.000000
0.204430 9570.000000
0.204052 9580.000000
0.203734 9590.000000
0.205135 9600.000000
0.204236 9610.000000
0.206018 9620.000000
0.207589 9630.000000
0.207773 9640.000000
0.209159 9650.000000
0.210358 9660.000000
0.207397 9670.000000
0.209456 9680.000000
0.207664 9690.000000
0.211020 9700.000000
0.209541 9710.000000
0.209725 9720.000000
0.210960 9730.000000
0.208924 9740.000000
0.211575 9750.000000
0.210738 9760.000000
0.212209 9770.000000
0.218116 9780.000000
0.220558 9790.000000
0.214219 9800.000000
0.220443 9810.000000
0.214957 9820.000000
0.215333 9830.000000
0.215435 9840.000000
0.216544 9850.000000
0.218195 9860.000000
0.218055 9870.000000
0.217681 9880.000000
0.226064 9890.000000
0.223928 9900.000000
0.222573 9910.000000
0.219443 9920.000000
0.236247 9930.000000
0.275338 9940.000000
0.248059 9950.000000
0.252466 9960.000000
0.275930 9970.000000
0.237607 9980.000000
0.230760 9990.000000
0.250645 10000.000000
